58
431 229 11 215
443 433 51 11
483 445 11 225
443 229 398 11
916 229 123 11
1028 242 11 168
1028 515 11 39
1028 606 11 243
483 850 240 11
802 850 240 11
483 746 11 104
429 671 65 11
429 733 65 11
495 675 96 7
495 572 23 8
549 570 37 14
696 369 41 8
802 369 37 8
831 242 8 33
831 341 8 27
696 573 8 50
696 657 8 193
826 522 8 106
826 663 8 114
826 778 11 71
837 778 190 11
1041 635 66 11
1103 158 2 481
1103 158 78 4
835 86 346 6
835 154 88 6
835 154 3 94
623 384 24 93
571 455 41 27
481 381 41 46
496 431 25 44
445 422 30 8
506 244 15 39
506 289 15 39
576 247 43 34
670 245 54 14
731 297 51 30
498 528 13 40
557 556 28 13
898 335 70 23
841 341 10 35
955 402 13 70
914 244 110 13
1010 258 13 121
531 642 58 32
834 563 29 58
931 629 33 60
836 693 45 30
1013 646 13 62
763 695 4 99
678 704 17 113
496 735 19 113
564 760 38 22
